1.729120732005630726e-02
2.066367971763569400e-01
2.768011011909530250e-01
2.851395761738353962e-01
2.670046936545200644e-01
1.813042306973738638e-01
2.380636736374242557e-01
1.044360260383043887e-01
2.482748238122350626e-01
2.320251251166168260e-01
2.172842588427244259e-01
2.055068519426295759e-01
2.621290755846206189e-01
2.076246708973583377e-01
1.793423098754690637e-01
1.578178590471253362e-01
3.111857142205068927e-01
2.473694540083186122e-01
2.083085572056960766e-01
2.288349971454872733e-01
2.982062465176136268e-01
8.030431919166221288e-02
2.436823253555833735e-01
2.128461698842014360e-01
2.768042482438533014e-01
3.560471687151073872e-01
2.396591125455169863e-02
3.811293610889732730e-01
6.292713622359534797e-01
2.901190554251230069e-01
2.469073774410158462e-01
1.647922385242907295e-01
1.987497822375486056e-01
5.222107995008783421e-01
5.467840590486726382e-02
1.641452429876607000e-01
2.225145475352307833e-01
8.277523519967912302e-02
2.642570119460330158e-01
2.028021513154718569e-01
1.541864018661704971e-01
1.619530707368922184e-01
1.547242988421470566e-01
2.399020521189937638e-01
1.615972769036841394e-01
1.393540645753259810e-01
2.580892157903352246e-01
7.179591514503864957e-02
1.688168493156937122e-01
2.659176791332014678e-01
