5.942381758356706650e-02
2.134792946952688841e-01
2.574367779973283921e-01
2.921612879728039402e-01
2.614794853852931422e-01
2.020876715113255062e-01
2.424627846197371650e-01
1.105094513508266679e-01
2.475821209952383806e-01
2.362246813980793114e-01
2.195843474746825286e-01
2.218246564779641772e-01
2.620893963325636733e-01
2.078674942840428308e-01
1.805658041304046002e-01
1.581399384759859528e-01
3.120690751973534405e-01
2.338851664970383326e-01
1.935448399432199429e-01
1.890402811778243430e-01
3.003578274329921638e-01
8.332156269724359798e-02
2.443665997709591475e-01
2.122773525061042998e-01
2.763949078619753474e-01
3.555351071580716837e-01
4.098669443175662758e-02
3.806566623880246469e-01
6.319118659051350395e-01
2.921010953963830148e-01
2.433007410210167587e-01
1.691859068286039602e-01
1.995215691851654760e-01
5.204197993929359223e-01
5.961387409230876205e-02
1.669964783099147920e-01
2.268713636991735172e-01
4.693481800185513725e-02
1.702666526661947288e-01
2.057625721088703341e-01
1.544802834249364987e-01
1.708829106967150180e-01
1.570583734559841127e-01
2.428038886762858006e-01
1.784644922918179333e-01
1.397339909177376938e-01
2.446152459400411650e-01
1.046960266239699011e-01
1.556004551462307206e-01
2.659176791332014678e-01
