6.107447452397156418e-02
2.175761038760697097e-01
2.542536442675371045e-01
2.986695929418681228e-01
2.653110130201479788e-01
2.098935396071198167e-01
2.475994680948621629e-01
1.156472312456812701e-01
2.515523079439319076e-01
2.379029617823369691e-01
2.231166482336828794e-01
2.236517097740145510e-01
2.693328201827377977e-01
2.168317643665526595e-01
1.884325122624461724e-01
1.701306881477995525e-01
3.198213637349647809e-01
2.347426253320388512e-01
1.957162564819750206e-01
1.865224612126201165e-01
2.935922613896099209e-01
8.455762179891197772e-02
2.519255236367468620e-01
2.122514372122776549e-01
2.855984052318727984e-01
3.975152030530107461e-01
4.258437268752259669e-02
3.968266756907855575e-01
6.392757717603810841e-01
3.038841577702277585e-01
2.507646360824810072e-01
1.751323657103458498e-01
2.087043032741017490e-01
5.528018964224323817e-01
6.492381419356187122e-02
1.656983350329427340e-01
2.337042973779990540e-01
4.555950255106126778e-02
1.611916333689795422e-01
2.002195558322164004e-01
1.643986027173874598e-01
1.736062526675690720e-01
1.501511482373890649e-01
2.599014099214373430e-01
1.797685029379774702e-01
1.539868852559964918e-01
2.512896073758745796e-01
1.082511589104104277e-01
1.597104356262682989e-01
2.818645502005850401e-01
